ARG,ARG,7.674772813004438e-05
ARG,AUS,6.986395987951255e-06
ARG,BRA,2.6512378497045574e-05
ARG,CAN,1.038126754338009e-06
ARG,CHN,0.0
ARG,COL,2.637191289823832
ARG,DEU,0.0
ARG,DNK,4.467331905289029e-06
ARG,ETH,3.3566696515663352e-06
ARG,FIN,4.542175076949206e-06
ARG,GBR,2.72214680308025e-06
ARG,GRC,2.8508574132501963e-06
ARG,IDN,1.7268486089960788e-06
ARG,IND,6.373801397785428e-07
ARG,MEX,1.0606471192886602e-05
ARG,NOR,2.4132991711667273e-06
ARG,NPL,1.1125264336442342e-06
ARG,RUS,0.0
ARG,RWA,0.0
ARG,R_ASP,0.0
ARG,R_CSA,0.19548504208987083
ARG,R_NEU,2.1722032670368208e-06
ARG,R_NMC,0.0
ARG,R_OEU,0.0
ARG,R_SSA,4.1167808717545995e-06
ARG,SWE,8.318336654156155e-06
ARG,TUR,5.236774597960903e-06
ARG,USA,0.0
AUS,ARG,6.951132718313602e-07
AUS,AUS,6.299045234570144e-05
AUS,BRA,7.242849733302137e-07
AUS,CAN,8.866104508342687e-07
AUS,CHN,7.853518241063284e-06
AUS,COL,5.358305088520865e-07
AUS,DEU,1.4482539427262964e-05
AUS,DNK,4.409231735280628e-06
AUS,ETH,3.2409509458375396e-06
AUS,FIN,4.484074906940805e-06
AUS,GBR,2.664046633071848e-06
AUS,GRC,2.7927572432417946e-06
AUS,IDN,8.179040491995693e-06
AUS,IND,3.5871530599251855e-06
AUS,MEX,4.2424005641805707e-07
AUS,NOR,2.4538708771615347e-06
AUS,NPL,8.343709225755447e-06
AUS,RUS,3.28648985714608e-06
AUS,RWA,0.0
AUS,R_ASP,7.179584912364589e-06
AUS,R_CSA,5.444345561045338e-07
AUS,R_NEU,3.3288196732428332e-06
AUS,R_NMC,3.767985333524848e-06
AUS,R_OEU,2.365526881931146e-06
AUS,R_SSA,4.037214011987089e-06
AUS,SWE,8.260236484147754e-06
AUS,TUR,6.3990121930146415e-06
AUS,USA,8.477836104248127e-07
BRA,ARG,2.297966270248253e-05
BRA,AUS,6.891287966936943e-06
BRA,BRA,39.06478184396193
BRA,CAN,5.540525251035433e-06
BRA,CHN,0.0
BRA,COL,1.0922870998797407e-05
BRA,DEU,0.0
BRA,DNK,4.383130317364703e-06
BRA,ETH,3.24356409464599e-06
BRA,FIN,3.0912856914255826e-06
BRA,GBR,0.0
BRA,GRC,0.0
BRA,IDN,7.871718707974651e-07
BRA,IND,5.014611588194384e-07
BRA,MEX,0.0
BRA,NOR,0.0
BRA,NPL,1.0160255214941571e-06
BRA,RUS,0.0
BRA,RWA,0.0
BRA,R_ASP,0.0
BRA,R_CSA,0.0002327749303390192
BRA,R_NEU,2.0884771174678463e-06
BRA,R_NMC,0.0
BRA,R_OEU,0.0
BRA,R_SSA,0.0
BRA,SWE,3.488553318220511e-06
BRA,TUR,0.0
BRA,USA,4.723007180018612e-06
CAN,ARG,6.997134221364831e-06
CAN,AUS,0.0
CAN,BRA,7.026306008128813e-06
CAN,CAN,30.16658251822221
CAN,CHN,0.5411570103396457
CAN,COL,9.20004032423094e-06
CAN,DEU,0.0
CAN,DNK,6.673032828530268e-06
CAN,ETH,2.674918675893423e-06
CAN,FIN,6.678861439013417e-06
CAN,GBR,0.0
CAN,GRC,4.833677564874961e-06
CAN,IDN,0.0
CAN,IND,1.5191228044386662e-06
CAN,MEX,6.7500235729767155e-06
CAN,NOR,0.0
CAN,NPL,0.0
CAN,RUS,2.629914860108329e-06
CAN,RWA,0.0
CAN,R_ASP,0.46889116978542233
CAN,R_CSA,0.0
CAN,R_NEU,5.090122385809082e-06
CAN,R_NMC,0.0
CAN,R_OEU,1.9897875643083864
CAN,R_SSA,3.0541941100636905e-06
CAN,SWE,7.22540625019974e-06
CAN,TUR,6.66405207994103e-06
CAN,USA,0.0
CHN,ARG,1.5618772977177287e-06
CHN,AUS,5.341958058124874e-06
CHN,BRA,1.8018851051238016e-06
CHN,CAN,3.6983765312470496e-06
CHN,CHN,32.897777173331875
CHN,COL,2.101831682921329e-06
CHN,DEU,5.495705607927448e-06
CHN,DNK,5.3438544966866175e-06
CHN,ETH,4.646542322461755e-06
CHN,FIN,6.269958788607255e-06
CHN,GBR,4.727351722522144e-06
CHN,GRC,5.0103341209251084e-06
CHN,IDN,1.0114645959902191e-05
CHN,IND,1.1114491385910696e-05
CHN,MEX,2.7547456511456403e-06
CHN,NOR,5.321381024714356e-06
CHN,NPL,1.5571744498288353e-05
CHN,RUS,8.337709374472979e-06
CHN,RWA,2.6526170699980867e-06
CHN,R_ASP,9.225466996554132e-06
CHN,R_CSA,2.1798649640913936e-06
CHN,R_NEU,5.2244531332235056e-06
CHN,R_NMC,6.720451949604467e-06
CHN,R_OEU,5.22424934956689e-06
CHN,R_SSA,3.443215973675251e-06
CHN,SWE,5.933824212434047e-06
CHN,TUR,5.97986445427523e-06
CHN,USA,3.4553165164652455e-06
COL,ARG,1.079743070420136e-05
COL,AUS,6.9278853516152594e-06
COL,BRA,1.0826615181258603e-05
COL,CAN,5.440876833517905e-06
COL,CHN,4.257159389453591e-07
COL,COL,7.280503302089521
COL,DEU,1.5276821898169146e-05
COL,DNK,4.453626445410919e-06
COL,ETH,3.284601916675456e-06
COL,FIN,4.533574724518985e-06
COL,GBR,2.5853325951175066e-06
COL,GRC,2.72269767265243e-06
COL,IDN,8.219944902521092e-07
COL,IND,5.465184358399711e-07
COL,MEX,1.0558626897250178e-05
COL,NOR,2.5279277906520292e-06
COL,NPL,1.0530023928367882e-06
COL,RUS,2.0801296614081366e-06
COL,RWA,0.0
COL,R_ASP,0.0
COL,R_CSA,2.402728885186889e-05
COL,R_NEU,2.12177087632881e-06
COL,R_NMC,1.37501615427027e-06
COL,R_OEU,2.4157812958947034e-06
COL,R_SSA,4.087517254447448e-06
COL,SWE,8.577927076203196e-06
COL,TUR,5.174701186660968e-06
COL,USA,5.401792321890753e-06
DEU,ARG,0.0
DEU,AUS,0.0
DEU,BRA,0.0
DEU,CAN,0.0
DEU,CHN,0.0
DEU,COL,0.0
DEU,DEU,8.156568236238378
DEU,DNK,1.1693825797465252e-05
DEU,ETH,0.0
DEU,FIN,4.205386378686171e-05
DEU,GBR,5.830559700825688e-06
DEU,GRC,3.058306176484393e-05
DEU,IDN,0.0
DEU,IND,0.0
DEU,MEX,0.0
DEU,NOR,6.15184668149027e-05
DEU,NPL,0.0
DEU,RUS,1.0282734379529757e-05
DEU,RWA,0.0
DEU,R_ASP,0.0
DEU,R_CSA,1.609399453172955e-05
DEU,R_NEU,4.873161516272262e-05
DEU,R_NMC,1.2919303372882496e-05
DEU,R_OEU,0.4532596666848576
DEU,R_SSA,0.0
DEU,SWE,5.389664949007056e-06
DEU,TUR,1.1163931382895953e-05
DEU,USA,0.0
DNK,ARG,2.4724874947423814e-06
DNK,AUS,8.435426025243942e-06
DNK,BRA,2.5016592530846538e-06
DNK,CAN,3.9238498459326365e-06
DNK,CHN,5.241386958232397e-06
DNK,COL,2.3698432869423414e-06
DNK,DEU,1.4499394268341348e-05
DNK,DNK,9.450427215185186e-05
DNK,ETH,6.560052725035348e-06
DNK,FIN,6.073696738440049e-06
DNK,GBR,6.620262496426221e-06
DNK,GRC,1.8729601521272343e-05
DNK,IDN,2.2472132172879355e-06
DNK,IND,2.038379079749575e-06
DNK,MEX,2.2112536726126564e-06
DNK,NOR,1.1906080928270057e-05
DNK,NPL,2.488441111836437e-06
DNK,RUS,2.3828892850019656e-05
DNK,RWA,0.0
DNK,R_ASP,0.0
DNK,R_CSA,2.3418045884682215e-06
DNK,R_NEU,4.025568881615982e-05
DNK,R_NMC,8.371573636817828
DNK,R_OEU,0.00021405474369373678
DNK,R_SSA,7.342207567262449e-06
DNK,SWE,1.7129450583297512e-05
DNK,TUR,2.6918585319890553e-05
DNK,USA,4.041030081225472e-06
ETH,ARG,2.053949344826833e-06
ETH,AUS,8.279471785499481e-06
ETH,BRA,2.0831211600125243e-06
ETH,CAN,2.9890650807828933e-06
ETH,CHN,3.316823807608671e-05
ETH,COL,1.8862880892811518e-06
ETH,DEU,1.8091750007442897e-05
ETH,DNK,7.255418154272775e-06
ETH,ETH,7.363990910391749e-05
ETH,FIN,7.33545482489717e-06
ETH,GBR,5.3849827850172005e-06
ETH,GRC,5.522497389165437e-06
ETH,IDN,2.174501503304782e-06
ETH,IND,0.016616994866637924
ETH,MEX,1.777742284048145e-06
ETH,NOR,5.349287704348171e-06
ETH,NPL,2.3978786884981673e-06
ETH,RUS,6.212628676394161e-06
ETH,RWA,1.1108244642343834e-05
ETH,R_ASP,0.0
ETH,R_CSA,1.8998362065758556e-06
ETH,R_NEU,6.375672938929711e-06
ETH,R_NMC,0.00033188487020652246
ETH,R_OEU,3.934194921839662e-06
ETH,R_SSA,2.1252970036300667e-05
ETH,SWE,1.1384476806597377e-05
ETH,TUR,1.5232022832378789e-05
ETH,USA,2.6490046707294823e-06
FIN,ARG,2.5111012291745283e-06
FIN,AUS,8.475305662614119e-06
FIN,BRA,2.5402729875168006e-06
FIN,CAN,3.963729511724523e-06
FIN,CHN,1.8952158029605926e-06
FIN,COL,2.407834301720868e-06
FIN,DEU,3.151747697671681e-05
FIN,DNK,2.052590767931406e-05
FIN,ETH,6.607268261404897e-06
FIN,FIN,4.7442366106764666e-05
FIN,GBR,1.8630205296688018e-05
FIN,GRC,1.8769481123115384e-05
FIN,IDN,2.283053333940188e-06
FIN,IND,2.097154833791137e-06
FIN,MEX,2.2511333668262523e-06
FIN,NOR,1.8533430477418733e-05
FIN,NPL,2.5277774966525612e-06
FIN,RUS,2.386277458299446e-05
FIN,RWA,0.0
FIN,R_ASP,0.0
FIN,R_CSA,2.378774752287427e-06
FIN,R_NEU,2.3922738364490215e-05
FIN,R_NMC,5.620024403125029
FIN,R_OEU,3.485770504253381
FIN,R_SSA,7.3825226820645184e-06
FIN,SWE,2.471111509549928e-05
FIN,TUR,2.6958104101026947e-05
FIN,USA,4.07386355050221e-06
GBR,ARG,2.243490200726228e-06
GBR,AUS,8.199084334137297e-06
GBR,BRA,2.2726620159119193e-06
GBR,CAN,3.6875082116694102e-06
GBR,CHN,1.6318438156304182e-06
GBR,COL,2.144462314390694e-06
GBR,DEU,8.756919726238266e-06
GBR,DNK,6.465007572842296e-06
GBR,ETH,6.281348987613455e-06
GBR,FIN,2.033076539476042e-05
GBR,GBR,8.962452879873577
GBR,GRC,2.1700337697438954e-05
GBR,IDN,2.034342969636782e-06
GBR,IND,1.6935869098233525e-06
GBR,MEX,1.97491203834943e-06
GBR,NOR,1.822168377429989e-05
GBR,NPL,2.2552501377504086e-06
GBR,RUS,1.2843183228028465e-05
GBR,RWA,0.0
GBR,R_ASP,0.0
GBR,R_CSA,2.12235818253248e-06
GBR,R_NEU,3.22322901453731e-05
GBR,R_NMC,0.0403527571020561
GBR,R_OEU,0.002039266724285227
GBR,R_SSA,7.103341800984708e-06
GBR,SWE,5.045536195780187e-05
GBR,TUR,2.6684336241089568e-05
GBR,USA,3.845697591486896e-06
GRC,ARG,2.170504728837841e-06
GRC,AUS,8.123795339542994e-06
GRC,BRA,2.1996764871801133e-06
GRC,CAN,3.6122192170751077e-06
GRC,CHN,1.5599934499732626e-06
GRC,COL,2.0726118918901193e-06
GRC,DEU,3.11659670728659e-05
GRC,DNK,2.0174397789674003e-05
GRC,ETH,6.192819768102709e-06
GRC,FIN,2.0255476492536673e-05
GRC,GBR,1.8278695407047962e-05
GRC,GRC,0.5016009560197627
GRC,IDN,1.96642389482804e-06
GRC,IND,1.5845585039642174e-06
GRC,MEX,1.8996230437551276e-06
GRC,NOR,1.813692072971662e-05
GRC,NPL,2.180949024932488e-06
GRC,RUS,2.356311383522325e-05
GRC,RWA,0.0
GRC,R_ASP,0.0
GRC,R_CSA,2.052371769423189e-06
GRC,R_NEU,2.3630861953449767e-05
GRC,R_NMC,0.010623153364534232
GRC,R_OEU,0.00012505268455598184
GRC,R_SSA,7.02726171653012e-06
GRC,SWE,2.4359605205859225e-05
GRC,TUR,2.660970332613033e-05
GRC,USA,3.783301139037576e-06
IDN,ARG,7.215551249828422e-07
IDN,AUS,9.570260090185911e-06
IDN,BRA,7.507269401685335e-07
IDN,CAN,2.2467917233370827e-06
IDN,CHN,7.734920160373804e-06
IDN,COL,5.640536073769908e-07
IDN,DEU,1.4290043395703833e-05
IDN,DNK,4.420322568421398e-06
IDN,ETH,3.2733336752244213e-06
IDN,FIN,3.6110287169321964e-06
IDN,GBR,2.7088440219813492e-06
IDN,GRC,2.8351656737868325e-06
IDN,IDN,18.05358591014074
IDN,IND,7.968635088673182e-06
IDN,MEX,4.5181548102846136e-07
IDN,NOR,3.1891036655906646e-06
IDN,NPL,8.370649794642304e-06
IDN,RUS,3.319147651836829e-06
IDN,RWA,0.0
IDN,R_ASP,0.0008262798944400629
IDN,R_CSA,5.666854576702463e-07
IDN,R_NEU,3.3780805779315415e-06
IDN,R_NMC,5.021080767164676e-06
IDN,R_OEU,3.554592581167526e-06
IDN,R_SSA,4.065155280841282e-06
IDN,SWE,8.196574071916984e-06
IDN,TUR,6.411468348233029e-06
IDN,USA,2.201523329858901e-06
IND,ARG,4.684626446760376e-07
IND,AUS,1.3967986973284496e-05
IND,BRA,4.976344598617288e-07
IND,CAN,3.106217263848521e-06
IND,CHN,7.499184874859566e-06
IND,COL,2.9422290026559494e-07
IND,DEU,6.625429364248703e-06
IND,DNK,4.20689866587054e-06
IND,ETH,2.9645405561495863e-06
IND,FIN,4.28033655452964e-06
IND,GBR,5.554756626224844e-06
IND,GRC,2.6217418280793936e-06
IND,IDN,7.91833195989966e-06
IND,IND,0.19516696473513662
IND,MEX,1.8806758816936053e-07
IND,NOR,2.169664753637335e-06
IND,NPL,0.00021403278230991418
IND,RUS,3.1001401907815307e-06
IND,RWA,0.0
IND,R_ASP,7.192987197868206e-06
IND,R_CSA,3.15477905132866e-07
IND,R_NEU,3.142387527077517e-06
IND,R_NMC,1.358232199777376e-05
IND,R_OEU,7.219489390308809e-06
IND,R_SSA,5.334578645488364e-06
IND,SWE,7.983150226209546e-06
IND,TUR,6.14747938243454e-06
IND,USA,2.8217447152201203e-06
MEX,ARG,1.1050290623870751e-05
MEX,AUS,7.149907787606935e-06
MEX,BRA,1.1081370786314437e-05
MEX,CAN,1.387852216794272e-05
MEX,CHN,6.438170885303407e-07
MEX,COL,1.0906221049822307e-05
MEX,DEU,1.549884439100424e-05
MEX,DNK,4.675648881402594e-06
MEX,ETH,3.553852252480283e-06
MEX,FIN,4.755597160510661e-06
MEX,GBR,2.807355087952601e-06
MEX,GRC,2.9447201654875244e-06
MEX,IDN,1.0280701872034115e-06
MEX,IND,8.789305638856604e-07
MEX,MEX,1.118668648273001
MEX,NOR,2.615970743136131e-06
MEX,NPL,1.278605850529857e-06
MEX,RUS,2.272344033826812e-06
MEX,RWA,0.0
MEX,R_ASP,0.0
MEX,R_CSA,1.088822338601858e-05
MEX,R_NEU,2.314065966402268e-06
MEX,R_NMC,1.5858685742387024e-06
MEX,R_OEU,3.7178469938226044e-06
MEX,R_SSA,4.3211892375438765e-06
MEX,SWE,8.799949512194871e-06
MEX,TUR,5.4092769801172835e-06
MEX,USA,2.168648045142163e-05
NOR,ARG,2.50280010050119e-06
NOR,AUS,8.46675658294771e-06
NOR,BRA,2.5319719156868814e-06
NOR,CAN,3.955180403636405e-06
NOR,CHN,1.8870372286983184e-06
NOR,COL,2.3925251184664376e-06
NOR,DEU,3.0312388624054165e-05
NOR,DNK,1.2374882487620198e-05
NOR,ETH,6.597310772349374e-06
NOR,FIN,2.0508547592612558e-05
NOR,GBR,1.8722316326602595e-05
NOR,GRC,1.884872757074163e-05
NOR,IDN,2.2753008579456946e-06
NOR,IND,2.085074640945095e-06
NOR,MEX,2.2363045104611956e-06
NOR,NOR,4.682274065169153
NOR,NPL,2.5193346004925843e-06
NOR,RUS,2.3855413814999338e-05
NOR,RWA,0.0
NOR,R_ASP,0.0
NOR,R_CSA,2.3485939095735375e-06
NOR,R_NEU,2.3916087457109825e-05
NOR,R_NMC,3.3767221963399408
NOR,R_OEU,2.1119211620481337
NOR,R_SSA,7.376234663070136e-06
NOR,SWE,1.3569821547321226e-05
NOR,TUR,2.6949625542727063e-05
NOR,USA,4.0667139558081544e-06
NPL,ARG,6.108482466515852e-07
NPL,AUS,1.4109129608641524e-05
NPL,BRA,6.400200618372764e-07
NPL,CAN,8.030107210288406e-07
NPL,CHN,7.625105467923277e-06
NPL,COL,4.463769300855347e-07
NPL,DEU,1.5128764061955735e-05
NPL,DNK,4.364602261830441e-06
NPL,ETH,3.1395973678627342e-06
NPL,FIN,4.444152807536739e-06
NPL,GBR,5.332723986839483e-06
NPL,GRC,2.6426310455462954e-06
NPL,IDN,8.03033609031445e-06
NPL,IND,8.027040422575737e-06
NPL,MEX,3.3666674426058307e-07
NPL,NOR,2.470609956617409e-06
NPL,NPL,0.022738768457884362
NPL,RUS,3.1249464882421307e-06
NPL,RWA,0.0
NPL,R_ASP,3.0291597283849114e-06
NPL,R_CSA,4.6116758767311694e-07
NPL,R_NEU,3.2719719911256107e-06
NPL,R_NMC,3.698794813544737e-06
NPL,R_OEU,2.335724332169775e-06
NPL,R_SSA,3.948577898427175e-06
NPL,SWE,8.467507939258212e-06
NPL,TUR,6.279662557062693e-06
NPL,USA,7.641838806193846e-07
RUS,ARG,1.7284338014178502e-06
RUS,AUS,8.982671488411142e-06
RUS,BRA,1.7576055597601226e-06
RUS,CAN,2.7370300017537375e-06
RUS,CHN,12.501339006722645
RUS,COL,1.5579270780108345e-06
RUS,DEU,8.574607555544844e-06
RUS,DNK,2.4225668198596395e-05
RUS,ETH,7.278702639723633e-06
RUS,FIN,2.430051124235888e-05
RUS,GBR,2.248048618014309e-05
RUS,GRC,2.2609196548728505e-05
RUS,IDN,2.8764224566657504e-06
RUS,IND,2.526929335999739e-06
RUS,MEX,1.4504062733067258e-06
RUS,NOR,2.2025240262735224e-05
RUS,NPL,3.095844760991895e-06
RUS,RUS,20.218663905008402
RUS,RWA,0.0
RUS,R_ASP,0.0013510225887785055
RUS,R_CSA,1.5750334796393872e-06
RUS,R_NEU,2.0415620916480748e-05
RUS,R_NMC,0.0335574463107946
RUS,R_OEU,7.592554354829417e-05
RUS,R_SSA,8.102552186528555e-06
RUS,SWE,2.807666617599125e-05
RUS,TUR,2.4106084111963355e-05
RUS,USA,4.6084965674708656e-06
RWA,ARG,2.121081934092217e-06
RWA,AUS,8.346918662027747e-06
RWA,BRA,2.1502537492779084e-06
RWA,CAN,1.1889883353433106e-06
RWA,CHN,1.821510522859171e-06
RWA,COL,1.958159487003286e-06
RWA,DEU,1.8159196883971163e-05
RWA,DNK,7.32286503080104e-06
RWA,ETH,2.053034001647802e-05
RWA,FIN,7.402901701425435e-06
RWA,GBR,5.4524296331237565e-06
RWA,GRC,5.589944265693703e-06
RWA,IDN,2.236575880942837e-06
RWA,IND,2.2262138372752815e-06
RWA,MEX,1.8478872334526386e-06
RWA,NOR,5.282908318804402e-06
RWA,NPL,2.4663351041454007e-06
RWA,RUS,6.280075552922426e-06
RWA,RWA,0.00020420068166782102
RWA,R_ASP,0.0
RWA,R_CSA,1.9711041545633634e-06
RWA,R_NEU,6.4329394433571e-06
RWA,R_NMC,7.544164532191644e-06
RWA,R_OEU,5.2867697206693265e-06
RWA,R_SSA,1.6690730276991417e-05
RWA,SWE,1.1451923683125642e-05
RWA,TUR,9.444461113616853e-06
RWA,USA,1.149846411863109e-06
R_ASP,ARG,8.281024292955408e-07
R_ASP,AUS,7.610726896700726e-06
R_ASP,BRA,2.0340700075394125e-06
R_ASP,CAN,3.005276653311739e-06
R_ASP,CHN,0.003218902391267875
R_ASP,COL,6.802052894272492e-07
R_ASP,DEU,3.5135957432430587e-06
R_ASP,DNK,3.486954085474281e-06
R_ASP,ETH,3.402569006993872e-06
R_ASP,FIN,3.791129131514026e-06
R_ASP,GBR,3.2729234931139217e-06
R_ASP,GRC,3.3808393027356942e-06
R_ASP,IDN,0.001131196249872346
R_ASP,IND,0.0
R_ASP,MEX,2.5568810997356195e-06
R_ASP,NOR,3.3582014680177963e-06
R_ASP,NPL,8.48100694383902e-06
R_ASP,RUS,4.574800868795137e-06
R_ASP,RWA,0.0
R_ASP,R_ASP,8.537002048565114
R_ASP,R_CSA,2.1235687199805398e-06
R_ASP,R_NEU,3.466399334683956e-06
R_ASP,R_NMC,0.0
R_ASP,R_OEU,0.0
R_ASP,R_SSA,3.00933231756062e-06
R_ASP,SWE,3.6962243257221417e-06
R_ASP,TUR,6.516734401884605e-06
R_ASP,USA,2.977159340389335e-06
R_CSA,ARG,1.0162642070099537e-05
R_CSA,AUS,6.769782658011536e-06
R_CSA,BRA,0.0
R_CSA,CAN,5.458309743744394e-06
R_CSA,CHN,0.0
R_CSA,COL,1.0560785241864323e-05
R_CSA,DEU,1.4089933358718554e-05
R_CSA,DNK,4.270549368357024e-06
R_CSA,ETH,3.0959351420278836e-06
R_CSA,FIN,4.343638579484832e-06
R_CSA,GBR,2.567422939137032e-06
R_CSA,GRC,2.6931514298667025e-06
R_CSA,IDN,6.74466377859062e-07
R_CSA,IND,3.406324822208262e-07
R_CSA,MEX,1.0459411058150181e-05
R_CSA,NOR,2.303615417531546e-06
R_CSA,NPL,8.925427437134204e-07
R_CSA,RUS,0.0
R_CSA,RWA,0.0
R_CSA,R_ASP,0.0
R_CSA,R_CSA,5.852528549399366
R_CSA,R_NEU,0.0
R_CSA,R_NMC,0.0
R_CSA,R_OEU,0.0
R_CSA,R_SSA,3.5703511116480513e-06
R_CSA,SWE,8.028282650229812e-06
R_CSA,TUR,0.0
R_CSA,USA,0.0
R_NEU,ARG,1.8737998743745266e-06
R_NEU,AUS,9.128975023031671e-06
R_NEU,BRA,1.9029716895602178e-06
R_NEU,CAN,2.874011443054769e-06
R_NEU,CHN,7.479172339760112
R_NEU,COL,1.7274290371460665e-06
R_NEU,DEU,0.3202673020798912
R_NEU,DNK,2.4340457812854766e-05
R_NEU,ETH,7.455814426293728e-06
R_NEU,FIN,2.4413576383608415e-05
R_NEU,GBR,2.2636628287386884e-05
R_NEU,GRC,2.2762406715060024e-05
R_NEU,IDN,3.011501689798024e-06
R_NEU,IND,2.7463321430332144e-06
R_NEU,MEX,1.612426217434404e-06
R_NEU,NOR,2.2401582711495394e-05
R_NEU,NPL,3.2438869652651192e-06
R_NEU,RUS,0.0
R_NEU,RWA,0.0
R_NEU,R_ASP,3.430690526329272e-06
R_NEU,R_CSA,1.7184693206218071e-06
R_NEU,R_NEU,0.0
R_NEU,R_NMC,7.898667004093852
R_NEU,R_OEU,1.6305270987649543
R_NEU,R_SSA,8.256026632125213e-06
R_NEU,SWE,2.8099749911802974e-05
R_NEU,TUR,0.0
R_NEU,USA,2.8480680498432775e-06
R_NMC,ARG,1.1367179638455127e-05
R_NMC,AUS,1.989221641451877e-05
R_NMC,BRA,1.139630944635428e-05
R_NMC,CAN,1.0504823819701414e-05
R_NMC,CHN,0.0004987616386813443
R_NMC,COL,1.1944261245844245e-05
R_NMC,DEU,7.827891153056044e-06
R_NMC,DNK,1.3191723070349326e-05
R_NMC,ETH,2.154321573755169e-05
R_NMC,FIN,2.1857912713585392e-05
R_NMC,GBR,1.0088441925404368e-05
R_NMC,GRC,2.0192568982224657e-05
R_NMC,IDN,1.3230542748488006e-05
R_NMC,IND,0.021561829080894768
R_NMC,MEX,1.158803007683673e-05
R_NMC,NOR,2.2370542140492944e-05
R_NMC,NPL,1.4346885166105494e-05
R_NMC,RUS,0.0
R_NMC,RWA,1.042746663415528e-05
R_NMC,R_ASP,3.800162113215322
R_NMC,R_CSA,1.1208102478121873e-05
R_NMC,R_NEU,2.5750818096526018e-05
R_NMC,R_NMC,12.899996856307311
R_NMC,R_OEU,9.098556687092696e-05
R_NMC,R_SSA,7.295409460539304e-06
R_NMC,SWE,1.3385734163762208e-05
R_NMC,TUR,3.068943651385325e-05
R_NMC,USA,3.5406625897849153e-06
R_OEU,ARG,0.0
R_OEU,AUS,1.243616566171113e-06
R_OEU,BRA,0.0
R_OEU,CAN,4.571689913746013e-06
R_OEU,CHN,0.03496461700484588
R_OEU,COL,0.0
R_OEU,DEU,0.0
R_OEU,DNK,5.152368856897738e-05
R_OEU,ETH,0.0
R_OEU,FIN,3.3843802206945384e-05
R_OEU,GBR,0.0
R_OEU,GRC,4.055707920969098e-05
R_OEU,IDN,3.4459159223843017e-06
R_OEU,IND,0.0
R_OEU,MEX,0.0
R_OEU,NOR,0.0
R_OEU,NPL,0.0
R_OEU,RUS,0.2524073516358598
R_OEU,RWA,0.0
R_OEU,R_ASP,8.206436916680104e-05
R_OEU,R_CSA,3.737228894351574e-06
R_OEU,R_NEU,0.05752285315184125
R_OEU,R_NMC,3.5897325964971003
R_OEU,R_OEU,36.04639012046968
R_OEU,R_SSA,0.0
R_OEU,SWE,4.237009179064444e-05
R_OEU,TUR,0.0
R_OEU,USA,0.0
R_SSA,ARG,2.0584912476806494e-06
R_SSA,AUS,8.284092984922609e-06
R_SSA,BRA,2.0876630060229218e-06
R_SSA,CAN,3.2764270940788265e-06
R_SSA,CHN,0.0014907293642636432
R_SSA,COL,1.892076795684261e-06
R_SSA,DEU,6.775085864774155e-06
R_SSA,DNK,7.2202613239369384e-06
R_SSA,ETH,2.0451760363471294e-05
R_SSA,FIN,7.293066687452665e-06
R_SSA,GBR,5.523930411754918e-06
R_SSA,GRC,5.649175903954529e-06
R_SSA,IDN,2.1778332666144706e-06
R_SSA,IND,0.08342891563637522
R_SSA,MEX,1.783064249138988e-06
R_SSA,NOR,5.368089205148863e-06
R_SSA,NPL,2.4027580138863414e-06
R_SSA,RUS,6.351623341060986e-06
R_SSA,RWA,0.0004755607720738908
R_SSA,R_ASP,0.0
R_SSA,R_CSA,1.9075594650530547e-06
R_SSA,R_NEU,6.3755566372947214e-06
R_SSA,R_NMC,7.738112003607966e-06
R_SSA,R_OEU,0.01407933829295871
R_SSA,R_SSA,0.23682208855855436
R_SSA,SWE,1.0962928797653149e-05
R_SSA,TUR,0.0
R_SSA,USA,0.0
SWE,ARG,2.4827991751408263e-06
SWE,AUS,8.446039089449187e-06
SWE,BRA,2.5119709334830986e-06
SWE,CAN,3.934462881716172e-06
SWE,CHN,1.8673873682928388e-06
SWE,COL,2.3800058670531143e-06
SWE,DEU,3.148821039644645e-05
SWE,DNK,1.6332643468786046e-05
SWE,ETH,6.57236796541838e-06
SWE,FIN,1.1102334823931415e-05
SWE,GBR,1.860093871641766e-05
SWE,GRC,1.8740214542845024e-05
SWE,IDN,2.2568566464542528e-06
SWE,IND,2.053228513432259e-06
SWE,MEX,2.2218667368179013e-06
SWE,NOR,1.3765604350624017e-05
SWE,NPL,2.498925084637449e-06
SWE,RUS,2.3838057813918567e-05
SWE,RWA,0.0
SWE,R_ASP,0.0
SWE,R_CSA,2.3517216050095158e-06
SWE,R_NEU,3.52431739187864e-05
SWE,R_NMC,8.371589264471524
SWE,R_OEU,4.627306811855192e-05
SWE,R_SSA,7.352923745429507e-06
SWE,SWE,3.07773339542905e-05
SWE,TUR,2.6929112685536438e-05
SWE,USA,4.049936649153096e-06
TUR,ARG,2.550345982399449e-06
TUR,AUS,9.80994377641764e-06
TUR,BRA,2.5795177407417214e-06
TUR,CAN,0.0
TUR,CHN,9.446567130061396
TUR,COL,2.4344780626961438e-06
TUR,DEU,3.592223767867608e-05
TUR,DNK,2.5074255098900267e-05
TUR,ETH,8.28257253715492e-06
TUR,FIN,2.5154370149493843e-05
TUR,GBR,2.3201920853921365e-05
TUR,GRC,2.3339567995606103e-05
TUR,IDN,3.639569001734344e-06
TUR,IND,3.7746258954030054e-06
TUR,MEX,2.307096906406514e-06
TUR,NOR,2.3168922126615143e-05
TUR,NPL,3.9330602703557815e-06
TUR,RUS,2.6088674196955708e-05
TUR,RWA,0.0
TUR,R_ASP,7.9962416975368455
TUR,R_CSA,2.3908659727567283e-06
TUR,R_NEU,2.6133788082916e-05
TUR,R_NMC,0.0029960800657349296
TUR,R_OEU,0.011098694176418178
TUR,R_SSA,8.054269528656732e-06
TUR,SWE,2.92075327692487e-05
TUR,TUR,3.2724640063360795
TUR,USA,0.0
USA,ARG,4.44481889871895e-06
USA,AUS,2.2358864271154744e-06
USA,BRA,4.791060007391934e-06
USA,CAN,0.0
USA,CHN,71.72059946756406
USA,COL,0.0
USA,DEU,0.0
USA,DNK,6.6931017670412984e-06
USA,ETH,2.8222623882356856e-06
USA,FIN,5.343379939404258e-06
USA,GBR,0.0
USA,GRC,0.0
USA,IDN,0.0
USA,IND,0.0
USA,MEX,0.0
USA,NOR,5.693877625390087e-06
USA,NPL,0.0
USA,RUS,4.313679596634756e-06
USA,RWA,0.0
USA,R_ASP,5.5014071414440195
USA,R_CSA,0.0
USA,R_NEU,0.0
USA,R_NMC,0.0
USA,R_OEU,0.0
USA,R_SSA,0.0
USA,SWE,0.0
USA,TUR,0.0
USA,USA,16.22769155884864
